%YAML:1.0
---
model_type: PINHOLE
camera_name: camera
image_width: 848
image_height: 480
distortion_parameters:
   k1: 0.0029016480013736887
   k2: -0.0021244172332884315
   p1: -0.000222443891451069
   p2: 0.0005370296782569457
projection_parameters:
   fx: 428.3537922602939
   fy: 428.3201454661401
   cx: 422.67752703029004
   cy: 236.60599791251943
